   kind   IET       LUMO       dhd          LL         HH        BL         dist
   fast   27.5    -9.41289   18.01346     35.012    2.319137   14.604     2.308082
   fast   23.25   -9.35635   22.572134    25.8367   2.152039   15.3641    2.163919
   fast   19.25   -9.30711   11.023292    38.9577   2.469208   23.6034    2.213612
   slow   94      -9.43083   22.428431    34.5906   2.387991   12.7421    2.275541
   fast   26      -9.39002   21.198641    23.9035   2.27888    17.7335    2.331323
   fast   10.25   -9.38193   17.091118    43.5128   2.378653   -9.837     2.229768
   fast   17.5    -9.40728   27.644159    25.5889   2.320035   -0.747     2.28189
   slow   85.25   -9.43482   14.803938    28.8601   2.267456   9.68602    2.121525
   slow   36      -9.39072   28.621603    29.203    2.234343   -10.319    2.24896
   slow   74.75   -9.34366   22.51775     19.8858   2.121781   10.8302    2.172066
   slow   50.75   -9.35035   27.5811      33.0619   2.192514   -6.236     2.304444
   slow   38.25   -9.28246   29.496868    24.6212   2.12784    6.77443    2.234759
   fast   13.5    -9.39971   28.51523     30.0631   2.528912   19.5312    2.262008
   fast   27.5    -9.35427   24.259958    28.0493   2.213771   20.2966    2.236902
   slow   47      -9.46556   19.071779    26.8625   2.066993   -0.708     2.223415
   slow   51.75   -9.58207   25.608826    23.0641   2.25966    3.25322    2.135008
   slow   60.5    -9.53714   23.058491    14.3464   2.115081   16.1194    2.303973
   slow   53.75   -9.45953   20.480631    28.3414   2.264706   7.29923    2.143385
   fast   30.25   -9.45429   23.406086    20.3258   2.143788   15.8134    2.250635
   slow   96.25   -9.53547   32.058304    21.8337   2.162869   0.1136     2.225891
   slow   48.5    -9.42161   21.442484    25.2968   2.23246    5.31062    2.260982
   fast   24.75   -9.38078   24.617064    21.4081   2.076028   -9.082     2.145473
   slow   39.5    -9.37309   20.656141    31.8692   2.136891   1.09145    2.159901
   fast   22.5    -9.65102   28.264095    27.8173   2.327816   -10.078    2.169655
   slow   88.75   -9.67825   38.657383    -0.31024  2.063329   1.57999    2.174979
   fast   23.75   -9.29941   36.973137    9.31462   2.358509   5.46352    2.245408
   slow   33      -9.31863   34.688416    25.4207   2.149135   -16.355    2.205584
   fast   29.75   -9.45900   33.026638    25.8682   2.215264   -20.281    2.27424
   slow   35      -9.51024   28.598495    15.1222   2.014369   -1.958     2.273781
   slow   82      -9.44766   30.679581    19.935    2.127263   -3.815     2.324529
   fast   27.5    -9.51321   33.563068    16.063    2.183763   -1.341     2.26641
   slow   54.75   -9.37268   10.995678    22.1941   2.24506    28.7879    2.256434
   fast   6.25    -9.32200   19.254707    31.2088   2.12246    5.67308    2.380434
   fast   13.75   -9.28815   27.922974    39.9732   2.299558   -9.95      2.195495
   fast   31      -9.50266   32.182003    24.8875   2.580795   10.5207    2.197694
   slow   82.75   -9.48357   16.712351    28.3933   2.249673   13.151     2.100246
   fast   19.75   -9.30231   24.090469    28.2661   2.40535    8.52609    2.325436
   slow   33      -9.40572   26.415476    9.72845   2.141592   5.60634    2.163085
   slow   111     -9.55157   32.04055     26.325    2.238017   7.26674    2.20402
   fast   27.75   -9.49216   29.693144    20.4213   2.305287   0.81067    2.417656
   slow   38.25   -9.46586   27.882875    29.1669   2.342023   9.08406    2.155928
   slow   39.5    -9.29656   13.780736    36.6438   2.454898   37.6481    2.122704
   fast   20      -9.21106   6.537605     52.7724   2.318002   26.8385    2.282671
   slow   102.75  -9.43565   14.768365    27.4954   2.234653   22.6698    2.313406
   fast   22.25   -9.34611   10.237331    27.5635   2.260266   30.9937    2.141714
   fast   32.5    -9.22262   9.23913      48.8222   2.323317   31.3162    2.230212
   fast   30.5    -9.38455   11.820402    35.7283   2.122813   24.7627    2.241712
   slow   39.25   -9.33320   15.946093    36.7134   2.417236   17.4265    2.22277
   fast   11.5    -9.44477   26.249416    22.3936   2.342881   8.15608    2.219457
   fast   29.5    -9.38198   20.555815    24.9966   1.948869   1.54425    2.238866
   slow   47      -9.36528   22.505463    22.3598   2.309289   11.0762    2.312351
   fast   12      -9.28762   19.789679    44.3617   2.302195   7.91403    2.331594
   slow   65.25   -9.44305   36.050076    12.4574   2.22719    9.44052    2.154815
   fast   31.75   -9.34298   26.926781    32.8963   2.242307   0.53474    2.280712
   slow   166.5   -9.42265   24.227116    31.2981   2.33489    9.40932    2.354727
   fast   25.5    -9.31117   9.309899     47.5861   2.402074   18.8123    2.370941
   fast   10.25   -9.33778   27.224428    30.8772   2.294827   3.77469    2.281485
   slow   76.5    -9.52847   14.573175    32.8679   2.100568   15.9309    2.214823
   fast   12.75   -9.25273   22.739342    32.6941   2.58409    29.5293    2.210638
   fast   18      -9.55688   16.253355    31.6325   2.252557   23.91      2.178477
   fast   23      -9.34604   14.931786    39.8569   2.25466    7.48134    2.232438
   slow   37.5    -9.49204   8.616235     41.2018   2.222785   20.1649    2.200226
   fast   32.5    -9.33666   10.743574    43.9513   2.235541   37.8042    2.25846
   slow   108     -9.43589   6.028679     37.3348   2.15625    28.953     2.284959
   slow   50      -9.30192   16.526459    31.6724   2.299743   17.3929    2.241603
   slow   91.75   -9.43553   7.674504     38.2364   2.170928   33.3154    2.186153
   slow   36.5    -9.30222   12.250711    41.8815   2.152995   1.54607    2.153853
   fast   24.25   -9.42221   14.703408    34.9005   2.087198   7.63997    2.133676
   fast   13.75   -9.25525   17.83926     36.3741   2.26984    16.6193    2.230328
   slow   43      -9.40567   12.888376    36.6136   2.417148   17.1722    2.317185
   slow   90      -9.45815   18.214802    28.2719   2.111112   18.5257    2.267412
   slow   51.5    -9.33500   7.719563     32.3431   2.273185   33.901     2.164078
   slow   35.75   -9.36535   10.780656    42.1896   2.241873   31.2905    2.209708
   fast   20.25   -9.32579   15.193417    45.349    2.154416   26.1909    2.152857
   fast   21.25   -9.29768   16.627689    34.0173   2.427019   38.2638    2.135277
   slow   33      -9.33515   14.952397    28.3323   2.127823   30.2722    2.181396
   fast   9.5     -9.30573   7.671705     41.244    2.12376    20.5159    2.233279
   fast   26      -9.26543   3.960042     39.6157   2.179168   30.0983    2.309745
   fast   15      -9.34263   15.929721    35.2389   2.341194   16.6709    2.152247
   slow   46.25   -9.48369   35.045696    27.1974   2.402413   0.73282    2.21168
   slow   101     -9.42097   21.082369    22.7122   1.990497   15.643     2.192844
   slow   39      -9.53254   32.869057    17.8704   2.174096   -2.462     2.154066
   slow   55      -9.53431   36.566284    28.7412   2.413267   5.85603    2.195197
   fast   19      -9.22835   7.510681     42.8159   2.162269   34.3371    2.350248
   fast   10.25   -9.33652   15.298591    37.4014   2.333203   31.2823    2.140288
   slow   37.25   -9.46512   7.409017     44.2153   2.134062   25.469     2.334405
   fast   12.5    -9.35084   16.178797    29.1119   2.117297   13.0589    2.211476
   slow   67.25   -9.43696   12.506703    22.9773   2.24858    20.9521    2.248996
   slow   47.75   -9.39845   18.515999    38.9541   2.227723   -3.688     2.246249
   fast   24.25   -9.31964   7.723678     35.7369   2.041204   32.2737    2.108558
   fast   12.25   -9.32014   2.955775     42.0919   2.151668   30.4587    2.25734
   fast   5.5     -9.17816   10.101805    42.1618   2.103507   24.8678    2.162134
   fast   32.5    -9.44348   8.319487     36.2932   2.017212   12.15      2.148149
   slow   106     -9.43126   12.190604    31.9462   2.133101   14.0163    2.334231
   fast   7       -9.25111   8.101672     57.0756   2.418401   35.5702    2.123883
   fast   30      -9.28655   9.962091     60.2697   2.649973   24.3204    2.152463
   fast   29.5    -9.40556   13.230212    55.3212   2.600992   11.5621    2.216586
   fast   18.75   -9.38921   5.153578     36.3587   2.35413    32.0877    2.196125
   fast   23.25   -9.38653   6.549006     37.7972   2.200149   27.9078    2.220244
   slow   43.5    -9.47726   9.168389     32.2513   2.087363   19.5953    2.162721
   fast   27      -9.30185   16.877678    35.4873   2.139932   14.0666    2.211849
